1.068037033081054688e+01
5.759947299957275391e+00
5.961972236633300781e+00
7.008010864257812500e+00
8.211179733276367188e+00
5.167341709136962891e+00
4.857570648193359375e+00
2.855281829833984375e+00
4.642077445983886719e+00
3.232394456863403320e+00
3.165052890777587891e+00
2.460211277008056641e+00
1.104401469230651855e+00
6.357042312622070312e+00
1.113380312919616699e+00
4.323327541351318359e+00
5.073063373565673828e+00
4.839612960815429688e+00
7.367165565490722656e+00
7.210035324096679688e+00
1.043794059753417969e+01
1.708230590820312500e+01
3.232394456863403320e+00
4.911443710327148438e+00
2.702641010284423828e+00
2.922623395919799805e+00
4.264965057373046875e-01
6.779049634933471680e-01
1.212147921323776245e-01
4.489436745643615723e-03
6.249296188354492188e+00
0.000000000000000000e+00
1.840669065713882446e-01
2.154929637908935547e-01
3.102200746536254883e+00
3.780105829238891602e+00
1.598239421844482422e+00
3.097711205482482910e-01
1.355809926986694336e+00
8.709506988525390625e-01
2.347975492477416992e+00
9.607394933700561523e-01
8.215669393539428711e-01
1.966373324394226074e+00
4.893485903739929199e-01
1.337852120399475098e+00
5.387324094772338867e-01
7.766725420951843262e-01
1.261531710624694824e+00
5.207746624946594238e-01
1.535387396812438965e+00
1.508450746536254883e+00
1.028081059455871582e+00
1.503961324691772461e+00
7.362676262855529785e-01
1.072975397109985352e+00
8.574824333190917969e-01
2.558978796005249023e-01
1.301936626434326172e+00
0.000000000000000000e+00
1.356258869171142578e+01
0.000000000000000000e+00
1.930457830429077148e+00
4.399648010730743408e-01
5.117957592010498047e-01
3.636443614959716797e-01
1.234595060348510742e+00
1.063996553421020508e+00
2.469190210103988647e-01
2.783450782299041748e-01
3.995598554611206055e-01
1.391725391149520874e-01
3.232394456863403320e-01
9.876760840415954590e-02
2.693662047386169434e-02
1.333362698554992676e+00
8.978873491287231445e-02
9.427817165851593018e-02
4.130281805992126465e-01
2.469190210103988647e-01
1.764348626136779785e+00
5.836267769336700439e-02
4.489436745643615723e-03
8.440141081809997559e-01
1.167253553867340088e-01
6.240317225456237793e-01
1.571302860975265503e-01
9.786971807479858398e-01
4.489436745643615723e-03
0.000000000000000000e+00
6.720686912536621094e+00
2.693662047386169434e-02
6.734155118465423584e-02
5.342429876327514648e-01
1.153785228729248047e+00
1.391725391149520874e-01
2.711619853973388672e+00
4.758802950382232666e-01
1.355809926986694336e+00
7.811620235443115234e-01
3.097711324691772461e+00
2.356954336166381836e+00
8.655633926391601562e+00
3.100404930114746094e+01
1.125052833557128906e+01
1.734269332885742188e+01
1.239982414245605469e+01
1.370176124572753906e+01
1.969515991210937500e+01
2.281082725524902344e+01
1.999146270751953125e+01
1.307817840576171875e+02
9.521197509765625000e+01
2.550000000000000000e+02
2.885809898376464844e+01
5.915730667114257812e+01
1.115580139160156250e+02
2.267614555358886719e+01
1.587913799285888672e+01
1.984331011772155762e+00
8.728811645507812500e+01
4.624119997024536133e-01
3.937236070632934570e+00
2.042693614959716797e+00
7.025968551635742188e+00
1.433926105499267578e+01
7.465933322906494141e+00
6.599472165107727051e-01
4.071918964385986328e+00
1.319894433021545410e+00
2.792429685592651367e+00
1.939436674118041992e+00
8.853169441223144531e+00
4.839612960815429688e+00
4.803697466850280762e-01
4.624119758605957031e+00
4.399648010730743408e-01
2.352464914321899414e+00
2.334506988525390625e+00
7.093310356140136719e-01
4.264965057373046875e+00
1.943926095962524414e+00
2.424295842647552490e-01
2.208802938461303711e+00
1.162764072418212891e+00
4.273943901062011719e+00
1.041549324989318848e+00
5.117957592010498047e-01
4.130281805992126465e-01
1.346831023693084717e-02
6.491725444793701172e+00
0.000000000000000000e+00
4.534330964088439941e-01
6.734155416488647461e-01
1.530897974967956543e+00
9.697183370590209961e-01
4.561267852783203125e+00
5.746479034423828125e-01
1.494982481002807617e+00
1.916989445686340332e+00
3.156074047088623047e+00
2.909154891967773438e+00
1.764348626136779785e+00
2.702641010284423828e+00
3.070774793624877930e+00
4.422095298767089844e+00
3.151584625244140625e+00
2.931602239608764648e+00
2.765492916107177734e+00
3.277288913726806641e+00
1.117869758605957031e+01
3.735211372375488281e+00
1.997799396514892578e+00
8.826232910156250000e+00
4.740845203399658203e+00
3.833978891372680664e+00
4.098855972290039062e+00
4.350264072418212891e+00
3.227905035018920898e+00
3.165052890777587891e+00
7.139654636383056641e+00
1.035357832908630371e+00
4.659110069274902344e+00
1.220859432220458984e+01
3.358441925048828125e+01
6.609033966064453125e+01
6.009389114379882812e+01
4.085349273681640625e+01
4.037895584106445312e+01
6.529225158691406250e+01
4.523219299316406250e+01
3.990441513061523438e+01
4.999915313720703125e+01
3.155684280395507812e+01
5.349348831176757812e+01
3.656107330322265625e+01
5.252283859252929688e+01
4.370072555541992188e+01
4.449881744384765625e+01
4.206140899658203125e+01
4.393799591064453125e+01
2.575452613830566406e+01
2.676831245422363281e+01
1.906783866882324219e+01
2.148367500305175781e+01
1.837760162353515625e+01
2.735070228576660156e+01
2.829977989196777344e+01
2.228176307678222656e+01
2.394264984130859375e+01
2.901158905029296875e+01
2.685459327697753906e+01
1.701869392395019531e+01
1.956394767761230469e+01
2.577609443664550781e+01
2.325241088867187500e+01
2.200135421752929688e+01
1.475384902954101562e+01
1.846388053894042969e+01
1.596176624298095703e+01
1.408518028259277344e+01
1.494797801971435547e+01
1.378320121765136719e+01
1.617746543884277344e+01
1.656572532653808594e+01
1.384791088104248047e+01
1.628531455993652344e+01
1.449500942230224609e+01
1.494797801971435547e+01
1.643630599975585938e+01
1.350279140472412109e+01
2.075029563903808594e+01
1.259685325622558594e+01
1.738538360595703125e+01
1.609118652343750000e+01
1.911097908020019531e+01
1.414988994598388672e+01
2.122483444213867188e+01
2.006005668640136719e+01
1.766579246520996094e+01
2.055616569519042969e+01
2.719971275329589844e+01
1.751480293273925781e+01
1.041828823089599609e+01
3.923574829101562500e+01
1.501268768310546875e+01
1.833446121215820312e+01
3.474919509887695312e+01
1.997377777099609375e+01
1.617746543884277344e+01
2.834292030334472656e+01
3.641008377075195312e+01
1.611275672912597656e+01
2.886059951782226562e+01
1.993063735961914062e+01
3.084503364562988281e+01
1.766579246520996094e+01
3.382168960571289062e+01
2.748012161254882812e+01
1.451657962799072266e+01
2.245432281494140625e+01
4.262223052978515625e+01
2.566824531555175781e+01
1.913254928588867188e+01
1.173405551910400391e+01
5.867027664184570312e+01
1.162620544433593750e+01
1.911097908020019531e+01
2.331711959838867188e+01
3.433936691284179688e+01
2.892530822753906250e+01
2.288572120666503906e+01
2.515056610107421875e+01
2.987438583374023438e+01
3.649636077880859375e+01
2.128954505920410156e+01
3.412366867065429688e+01
3.395110702514648438e+01
3.587083435058593750e+01
2.989595603942871094e+01
3.164312362670898438e+01
2.411520957946777344e+01
4.467137527465820312e+01
2.364067077636718750e+01
2.888216781616210938e+01
2.318770027160644531e+01
3.703561019897460938e+01
3.556885528564453125e+01
2.657418441772460938e+01
3.891219711303710938e+01
1.533623790740966797e+01
3.144899368286132812e+01
2.728599166870117188e+01
5.787218856811523438e+01
1.962865829467773438e+01
2.911943817138671875e+01
3.524530410766601562e+01
2.297200202941894531e+01
4.247124099731445312e+01
2.530155563354492188e+01
4.974031448364257812e+01
4.954618453979492188e+01
3.964557647705078125e+01
5.478768539428710938e+01
3.686305236816406250e+01
1.033200836181640625e+01
4.766959667205810547e+00
4.277322006225585938e+01
1.747166290283203125e+02
5.004229545593261719e+00
9.037811279296875000e+00
3.395110702514648438e+01
7.825579071044921875e+01
7.077101898193359375e+01
8.131872558593750000e+01
4.027110290527343750e+01
4.195355987548828125e+01
7.051218414306640625e+01
3.748857879638671875e+01
7.519286346435546875e+01
3.656107330322265625e+01
2.515056610107421875e+01
9.728049468994140625e+01
7.029647827148437500e+01
3.250592041015625000e+01
1.598333644866943359e+01
1.250625915527343750e+02
3.763956832885742188e+01
4.171629333496093750e+01
6.680214691162109375e+01
7.995982360839843750e+01
4.743233108520507812e+01
5.414058685302734375e+00
1.447343902587890625e+02
3.580612421035766602e+00
6.781593322753906250e+01
3.293732070922851562e+01
3.345499801635742188e+01
2.653104400634765625e+01
1.203603439331054688e+02
4.055151462554931641e+00
1.131344070434570312e+02
5.664270019531250000e+01
1.371849060058593750e+01
1.546565723419189453e+01
3.134114265441894531e+01
3.433936691284179688e+01
7.959312915802001953e+00
1.186347484588623047e+00
1.509896814823150635e-01
2.550000000000000000e+02
2.588394582271575928e-01
5.392488837242126465e-01
6.341566562652587891e+00
2.441718864440917969e+01
2.713500213623046875e+01
1.143207550048828125e+00
1.199289417266845703e+01
2.804093956947326660e-01
3.144899368286132812e+01
1.064261550903320312e+02
3.019793510437011719e+00
8.198739624023437500e+01
2.156995385885238647e-01
1.138893604278564453e+01
5.953307151794433594e+00
6.470986008644104004e-01
2.165623474121093750e+01
1.904627037048339844e+01
7.765183448791503906e-01
1.294197291135787964e-01
1.280823822021484375e+02
4.313990846276283264e-02
5.608187913894653320e-01
1.768736243247985840e+00
6.751395702362060547e+00
3.155684280395507812e+01
8.412281870841979980e-01
1.238115406036376953e+01
1.294197291135787964e-01
1.130265617370605469e+01
6.319996356964111328e+00
4.529690444469451904e-01
2.588394582271575928e-01
6.332938385009765625e+01
1.294197291135787964e-01
7.333784699440002441e-01
3.170783281326293945e+00
3.451192677021026611e-01
1.380477070808410645e+00
4.378700733184814453e+00
3.882591724395751953e-01
8.627981692552566528e-02
1.604804611206054688e+01
1.941295862197875977e-01
5.392488837242126465e-01
3.515902519226074219e+00
2.804093956947326660e-01
8.627981692552566528e-02
2.478387832641601562e+01
4.313990771770477295e-01
1.186347484588623047e+00
3.666892349720001221e-01
1.207917451858520508e+00
2.588394582271575928e-01
1.251057386398315430e+00
1.509896814823150635e-01
7.333784699440002441e-01
1.294197291135787964e-01
8.627981692552566528e-02
3.019793629646301270e-01
1.509896814823150635e-01
1.984435796737670898e+00
1.725596338510513306e-01
9.490779638290405273e-01
2.760954141616821289e+00
1.725596338510513306e-01
4.529690444469451904e-01
4.098291397094726562e-01
3.666892349720001221e-01
2.372694909572601318e-01
1.294197291135787964e-01
2.156995385885238647e-01
8.627981692552566528e-02
1.294197291135787964e-01
6.470986455678939819e-02
8.627981692552566528e-02
1.509896814823150635e-01
6.470986455678939819e-02
6.470986455678939819e-02
2.156995423138141632e-02
0.000000000000000000e+00
0.000000000000000000e+00
0.000000000000000000e+00
0.000000000000000000e+00
5.961935424804687500e+01
0.000000000000000000e+00
0.000000000000000000e+00
0.000000000000000000e+00
0.000000000000000000e+00
0.000000000000000000e+00
0.000000000000000000e+00
0.000000000000000000e+00
0.000000000000000000e+00
2.517275214195251465e-01
1.258637666702270508e+00
3.253094196319580078e+00
8.558735847473144531e+00
2.792239379882812500e+01
5.292087173461914062e+01
1.220491256713867188e+02
1.761124572753906250e+02
2.406127929687500000e+02
2.431300659179687500e+02
2.550000000000000000e+02
2.487455291748046875e+02
2.143750457763671875e+02
2.021952972412109375e+02
1.797915496826171875e+02
1.739049987792968750e+02
1.624998016357421875e+02
1.517142486572265625e+02
1.368042297363281250e+02
1.273934936523437500e+02
1.154848480224609375e+02
1.006522903442382812e+02
9.188055419921875000e+01
8.490963745117187500e+01
7.693180847167968750e+01
6.732743072509765625e+01
5.764560699462890625e+01
5.439251327514648438e+01
5.160414505004882812e+01
4.627914047241210938e+01
4.385868072509765625e+01
4.108967971801757812e+01
3.754613113403320312e+01
3.551294708251953125e+01
3.355721664428710938e+01
2.832902908325195312e+01
2.550193595886230469e+01
2.327511596679687500e+01
2.255866050720214844e+01
2.203584098815917969e+01
2.097084045410156250e+01
2.048674964904785156e+01
2.019629478454589844e+01
1.808565521240234375e+01
1.690447235107421875e+01
1.752410888671875000e+01
1.597501659393310547e+01
1.769838142395019531e+01
1.516174316406250000e+01
1.578137969970703125e+01
1.539410686492919922e+01
1.471637916564941406e+01
1.467765140533447266e+01
1.384501457214355469e+01
1.390310573577880859e+01
1.330283164978027344e+01
1.258637714385986328e+01
1.279937744140625000e+01
1.378692340850830078e+01
1.378692340850830078e+01
1.372883224487304688e+01
1.398056030273437500e+01
1.260574054718017578e+01
1.336092281341552734e+01
1.372883224487304688e+01
1.388374137878417969e+01
1.336092281341552734e+01
1.310919570922851562e+01
1.363201427459716797e+01
1.289619541168212891e+01
1.357392311096191406e+01
1.401928710937500000e+01
1.336092281341552734e+01
1.460019683837890625e+01
1.390310573577880859e+01
1.399992370605468750e+01
1.217973995208740234e+01
1.086301136016845703e+01
9.159009933471679688e+00
9.546282768249511719e+00
8.907281875610351562e+00
8.791100502014160156e+00
9.333282470703125000e+00
9.275191307067871094e+00
9.391373634338378906e+00
7.726099014282226562e+00
8.210190773010253906e+00
8.345735549926757812e+00
8.113371849060058594e+00
8.558735847473144531e+00
8.074645042419433594e+00
8.365099906921386719e+00
9.333282470703125000e+00
8.674918174743652344e+00
7.590553283691406250e+00
8.132736206054687500e+00
7.455008029937744141e+00
7.726099014282226562e+00
8.365099906921386719e+00
7.881008148193359375e+00
7.435644149780273438e+00
7.474371433258056641e+00
7.261371135711669922e+00
8.268280982971191406e+00
7.939099311828613281e+00
8.868555068969726562e+00
9.798009872436523438e+00
9.720555305480957031e+00
9.875464439392089844e+00
9.836737632751464844e+00
9.410737037658691406e+00
9.991646766662597656e+00
1.014655590057373047e+01
1.047573852539062500e+01
1.014655590057373047e+01
1.043701076507568359e+01
1.287683200836181641e+01
1.707874488830566406e+01
2.023502159118652344e+01
2.253929710388183594e+01
2.037056732177734375e+01
2.583111763000488281e+01
2.602475357055664062e+01
2.852266693115234375e+01
1.764029121398925781e+01
1.186992168426513672e+01
9.817374229431152344e+00
9.875464439392089844e+00
9.604373931884765625e+00
1.020464706420898438e+01
1.092110252380371094e+01
1.082428359985351562e+01
1.022401046752929688e+01
1.173437595367431641e+01
1.163755798339843750e+01
1.121155738830566406e+01
1.132773876190185547e+01
1.144392108917236328e+01
1.252828598022460938e+01
1.303174114227294922e+01
1.450337886810302734e+01
1.537474346160888672e+01
1.529728889465332031e+01
1.529728889465332031e+01
1.504556083679199219e+01
1.533601570129394531e+01
1.531665229797363281e+01
1.521983432769775391e+01
1.634292602539062500e+01
1.450337886810302734e+01
1.518110656738281250e+01
1.545219802856445312e+01
1.808565521240234375e+01
1.884083747863769531e+01
2.501784515380859375e+01
2.538575363159179688e+01
2.195838737487792969e+01
2.168729591369628906e+01
1.800820159912109375e+01
1.787265586853027344e+01
1.851165580749511719e+01
1.920874786376953125e+01
1.489065170288085938e+01
1.165692138671875000e+01
1.051446533203125000e+01
1.004973793029785156e+01
9.468828201293945312e+00
9.197736740112304688e+00
8.674918174743652344e+00
8.907281875610351562e+00
1.055319309234619141e+01
1.066937446594238281e+01
8.229554176330566406e+00
6.893461704254150391e+00
6.215734004974365234e+00
5.964006423950195312e+00
5.634824275970458984e+00
5.460551261901855469e+00
5.905915260314941406e+00
5.228187084197998047e+00
5.228187084197998047e+00
4.414913654327392578e+00
5.402460098266601562e+00
4.608550071716308594e+00
4.995823383331298828e+00
4.395550251007080078e+00
4.724732398986816406e+00
4.066368103027343750e+00
3.679094791412353516e+00
2.923912048339843750e+00
3.040094137191772461e+00
2.362366199493408203e+00
2.633457183837890625e+00
2.033184051513671875e+00
2.110638618469238281e+00
1.917001962661743164e+00
1.529728889465332031e+00
1.645910859107971191e+00
1.471637964248657227e+00
1.045637488365173340e+00
1.142455697059631348e+00
1.006910085678100586e+00
1.316728591918945312e+00
1.219910383224487305e+00
1.161819458007812500e+00
1.219910383224487305e+00
1.432910561561584473e+00
1.065001130104064941e+00
1.065001130104064941e+00
1.084364771842956543e+00
9.681828022003173828e-01
1.181183099746704102e+00
1.006910085678100586e+00
1.316728591918945312e+00
1.491001605987548828e+00
1.161819458007812500e+00
1.200546741485595703e+00
1.645910859107971191e+00
1.626547098159790039e+00
1.723365426063537598e+00
1.607183456420898438e+00
1.704001784324645996e+00
2.110638618469238281e+00
1.917001962661743164e+00
2.013820171356201172e+00
2.052547693252563477e+00
2.536638975143432617e+00
2.672184705734252930e+00
2.459184408187866211e+00
2.672184705734252930e+00
2.362366199493408203e+00
2.304275035858154297e+00
2.149365901947021484e+00
2.478548049926757812e+00
2.323638916015625000e+00
1.975093007087707520e+00
1.994456648826599121e+00
2.749639272689819336e+00
2.672184705734252930e+00
3.040094137191772461e+00
3.156275987625122070e+00
3.795276641845703125e+00
5.692914962768554688e+00
1.057255649566650391e+01
2.486293601989746094e+01
1.576201629638671875e+01
1.351583194732666016e+01
1.558774414062500000e+02
