7.895743560791015625e+01
1.397102069854736328e+01
6.677609443664550781e+00
9.775866508483886719e+00
9.025356292724609375e+00
8.140140533447265625e+00
3.254131698608398438e+01
2.713380098342895508e+00
7.043241977691650391e+00
4.657007217407226562e+00
1.806995773315429688e+01
6.870047569274902344e+00
4.252886772155761719e+00
3.710210418701171875e+01
1.577994108200073242e+00
3.198324775695800781e+01
2.392008209228515625e+01
5.869368553161621094e+00
1.406724071502685547e+01
6.508263397216796875e+01
6.835408782958984375e+01
1.911682128906250000e+02
7.362689971923828125e+01
1.007606964111328125e+02
3.442721176147460938e+01
1.310119934082031250e+02
1.017613754272460938e+02
5.205456161499023438e+01
1.722322845458984375e+01
9.621915221214294434e-02
2.368145751953125000e+02
3.848766162991523743e-02
3.916119384765625000e+01
4.021960735321044922e+00
1.684027709960937500e+02
1.919764556884765625e+02
5.815485763549804688e+01
1.454833602905273438e+01
3.485057830810546875e+01
2.207267379760742188e+01
4.934118270874023438e+01
1.604935455322265625e+01
3.350350952148437500e+01
6.662213897705078125e+01
3.329182624816894531e+00
2.347747421264648438e+01
1.751188635826110840e+00
1.248924636840820312e+01
9.756622314453125000e+00
1.789676308631896973e+00
5.053429794311523438e+01
2.161082267761230469e+01
1.231605172157287598e+00
1.456758022308349609e+01
3.213719844818115234e+00
3.766017532348632812e+01
1.004527950286865234e+01
9.237039089202880859e-01
2.886574566364288330e-01
0.000000000000000000e+00
5.324768066406250000e+01
0.000000000000000000e+00
7.697532325983047485e-02
4.657007217407226562e+00
1.393253326416015625e+01
7.697532176971435547e-01
3.929590225219726562e+01
3.463889658451080322e-01
7.986189842224121094e+00
2.534412574768066406e+01
1.225831985473632812e+01
1.368236351013183594e+01
5.484491825103759766e+00
2.415100860595703125e+01
1.749264144897460938e+01
4.233642959594726562e+01
3.079012870788574219e+00
3.386914253234863281e+00
8.428797721862792969e+00
1.516413879394531250e+01
5.030337524414062500e+01
3.309938907623291016e+00
3.463889658451080322e-01
1.789676284790039062e+01
1.597237944602966309e+00
4.060448169708251953e+00
1.173873662948608398e+00
6.889291286468505859e+00
1.212361335754394531e+00
3.848766162991523743e-02
2.349671745300292969e+01
4.233642816543579102e-01
1.751188635826110840e+00
6.100294589996337891e+00
9.314014434814453125e+00
1.375933933258056641e+01
3.192551612854003906e+01
1.293185424804687500e+01
5.359407043457031250e+01
5.574937820434570312e+01
5.892461013793945312e+01
6.823862457275390625e+01
4.589653778076171875e+01
9.396762847900390625e+01
5.955965805053710938e+01
1.169832458496093750e+02
1.192155303955078125e+02
1.639959259033203125e+02
2.550000000000000000e+02
2.174937744140625000e+02
1.528537445068359375e+02
6.311976623535156250e+01
4.362576293945312500e+01
2.965474319458007812e+01
1.604935455322265625e+01
1.304731750488281250e+01
7.620556831359863281e+00
5.946343898773193359e+00
4.041204452514648438e+00
1.039166808128356934e+00
4.784016418457031250e+01
7.505093812942504883e-01
1.635725617408752441e+00
2.405478954315185547e+00
7.928458213806152344e+00
1.112293434143066406e+01
1.212361335754394531e+01
1.096898317337036133e+00
8.313334465026855469e+00
1.654969453811645508e+00
4.021960735321044922e+00
2.213040590286254883e+00
5.138103008270263672e+00
2.617161035537719727e+00
1.193117499351501465e+00
5.234322071075439453e+00
1.154629826545715332e+00
2.251528263092041016e+00
2.655648708343505859e+00
1.289336681365966797e+00
1.674213218688964844e+01
1.943626880645751953e+00
8.467285633087158203e-01
3.675571680068969727e+00
1.943626880645751953e+00
2.944306135177612305e+00
2.232284307479858398e+00
1.443287253379821777e+00
1.212361335754394531e+00
5.003396272659301758e-01
1.943626976013183594e+01
3.079012930393218994e-01
1.154629826545715332e+00
2.463210344314575195e+00
3.733303070068359375e+00
2.944306135177612305e+00
7.774507522583007812e+00
1.654969453811645508e+00
6.215757369995117188e+00
5.272809505462646484e+00
9.179306983947753906e+00
8.909893989562988281e+00
8.024677276611328125e+00
9.044600486755371094e+00
1.541430854797363281e+01
5.880914688110351562e+01
1.987887763977050781e+01
2.544034385681152344e+01
2.759565353393554688e+01
3.125198173522949219e+01
1.385940704345703125e+02
4.845596694946289062e+01
6.619877624511718750e+01
1.904754333496093750e+02
2.448969879150390625e+02
2.059859619140625000e+02
7.986190032958984375e+01
5.828956222534179688e+01
3.107878684997558594e+01
2.295788955688476562e+01
6.203108978271484375e+01
1.540444970130920410e+00
1.878591418266296387e+00
6.199351787567138672e+00
5.861205101013183594e+00
1.130912017822265625e+01
2.073964881896972656e+01
1.025710964202880859e+01
1.423972320556640625e+01
2.062693405151367188e+01
2.273095703125000000e+01
3.644467544555664062e+01
4.576248931884765625e+01
1.005797882080078125e+02
8.198172760009765625e+01
8.806836700439453125e+01
9.813761901855468750e+01
1.293973846435546875e+02
2.095005187988281250e+02
1.877088623046875000e+02
2.413990020751953125e+02
2.550000000000000000e+02
2.290754394531250000e+02
2.511300964355468750e+02
2.117924041748046875e+02
2.196073455810546875e+02
2.268587036132812500e+02
1.924053344726562500e+02
1.828996582031250000e+02
1.594172668457031250e+02
1.648276062011718750e+02
1.540069274902343750e+02
1.588912658691406250e+02
1.458162689208984375e+02
1.690356597900390625e+02
1.657293395996093750e+02
1.857551269531250000e+02
1.340562896728515625e+02
1.795933380126953125e+02
1.402180633544921875e+02
1.405562133789062500e+02
1.222587280273437500e+02
1.029843826293945312e+02
1.294725189208984375e+02
1.075681457519531250e+02
9.851333618164062500e+01
1.100854568481445312e+02
8.780536651611328125e+01
9.077353668212890625e+01
9.223883819580078125e+01
8.074185943603515625e+01
1.088080139160156250e+02
6.830558776855468750e+01
9.144982910156250000e+01
8.863194274902343750e+01
1.035855331420898438e+02
8.551348114013671875e+01
9.933991241455078125e+01
9.607116699218750000e+01
8.581405639648437500e+01
1.013687973022460938e+02
8.235745239257812500e+01
9.332842254638671875e+01
5.256298828125000000e+01
1.073802871704101562e+02
6.503683471679687500e+01
6.454840087890625000e+01
6.695299530029296875e+01
6.954545593261718750e+01
4.936938476562500000e+01
6.785472106933593750e+01
5.973920822143554688e+01
5.030867767333984375e+01
5.973920822143554688e+01
5.410343170166015625e+01
5.474215316772460938e+01
5.252541732788085938e+01
6.289524078369140625e+01
6.417268371582031250e+01
4.921909713745117188e+01
5.414100646972656250e+01
6.409754180908203125e+01
5.748489761352539062e+01
6.180566024780273438e+01
5.128554534912109375e+01
7.916384124755859375e+01
4.290702819824218750e+01
4.812951278686523438e+01
4.459775924682617188e+01
4.211801910400390625e+01
4.313245773315429688e+01
3.494179916381835938e+01
3.287535095214843750e+01
3.156033706665039062e+01
3.246205902099609375e+01
2.164137268066406250e+01
3.302563858032226562e+01
2.367025184631347656e+01
2.502283859252929688e+01
2.475983428955078125e+01
2.569913101196289062e+01
1.743332862854003906e+01
2.750257873535156250e+01
1.923677635192871094e+01
2.412111473083496094e+01
2.104022407531738281e+01
2.325696182250976562e+01
2.134079933166503906e+01
2.141594314575195312e+01
2.314424705505371094e+01
1.983792495727539062e+01
2.111536788940429688e+01
1.965006637573242188e+01
2.115293884277343750e+01
1.795933341979980469e+01
1.841019630432128906e+01
1.818476486206054688e+01
1.660674858093261719e+01
1.968763923645019531e+01
1.675703620910644531e+01
1.859805488586425781e+01
1.829748153686523438e+01
1.946220779418945312e+01
1.998821258544921875e+01
2.321939086914062500e+01
2.088993644714355469e+01
1.904891777038574219e+01
1.423972320556640625e+01
1.660674858093261719e+01
1.732061386108398438e+01
1.867319869995117188e+01
2.051421928405761719e+01
1.803447723388671875e+01
1.641888999938964844e+01
1.427729511260986328e+01
1.487844467163085938e+01
1.194784164428710938e+01
1.529173469543457031e+01
1.367614555358886719e+01
1.277442169189453125e+01
1.307499599456787109e+01
1.367614555358886719e+01
1.480330085754394531e+01
1.904891777038574219e+01
1.604317092895507812e+01
2.306910324096679688e+01
2.107779502868652344e+01
2.776558113098144531e+01
3.144762039184570312e+01
3.576837921142578125e+01
4.290702819824218750e+01
4.970753097534179688e+01
4.440990066528320312e+01
6.251952362060546875e+01
4.365846633911132812e+01
4.527405548095703125e+01
2.851701736450195312e+01
2.569913101196289062e+01
2.325696182250976562e+01
1.829748153686523438e+01
1.119640541076660156e+01
9.054810523986816406e+00
9.092382431030273438e+00
5.861205101013183594e+00
5.898777008056640625e+00
6.049064636230468750e+00
5.635774135589599609e+00
4.546191215515136719e+00
7.025931835174560547e+00
1.390157699584960938e+00
8.829380035400390625e+00
1.315014004707336426e+00
6.687785625457763672e+00
4.132901191711425781e+00
8.153086662292480469e+00
3.757182836532592773e+00
4.170473098754882812e+00
7.814940452575683594e+00
5.034625053405761719e+00
9.881390571594238281e+00
8.641520500183105469e+00
9.881390571594238281e+00
8.453661918640136719e+00
1.070797157287597656e+01
1.638131713867187500e+01
1.709518241882324219e+01
1.130912017822265625e+01
1.656917572021484375e+01
2.926845550537109375e+01
9.768675804138183594e+00
3.490422821044921875e+01
3.914984512329101562e+01
1.029468154907226562e+01
3.727125549316406250e+01
4.031457138061523438e+01
5.271327590942382812e+01
4.136658477783203125e+01
5.331442642211914062e+01
6.112936401367187500e+01
5.575659561157226562e+01
4.440990066528320312e+01
4.422204208374023438e+01
5.523058700561523438e+01
5.519301605224609375e+01
3.227420043945312500e+01
3.182333946228027344e+01
3.610652923583984375e+01
2.802858352661132812e+01
1.897377395629882812e+01
1.919920539855957031e+01
1.393914890289306641e+01
7.551937580108642578e+00
6.312067031860351562e+00
3.494179964065551758e+00
2.630028009414672852e+00
2.179166078567504883e+00
8.641520738601684570e-01
8.641520738601684570e-01
1.878591477870941162e-01
2.254309654235839844e-01
2.630028128623962402e-01
1.878591477870941162e-01
1.878591477870941162e-01
1.878591477870941162e-01
3.757182881236076355e-02
7.514365762472152710e-02
0.000000000000000000e+00
3.757182881236076355e-02
3.757182881236076355e-02
0.000000000000000000e+00
3.757182881236076355e-02
7.514365762472152710e-02
0.000000000000000000e+00
0.000000000000000000e+00
3.757182881236076355e-02
0.000000000000000000e+00
0.000000000000000000e+00
0.000000000000000000e+00
0.000000000000000000e+00
0.000000000000000000e+00
0.000000000000000000e+00
3.757182881236076355e-02
0.000000000000000000e+00
0.000000000000000000e+00
0.000000000000000000e+00
0.000000000000000000e+00
0.000000000000000000e+00
0.000000000000000000e+00
0.000000000000000000e+00
0.000000000000000000e+00
0.000000000000000000e+00
0.000000000000000000e+00
0.000000000000000000e+00
0.000000000000000000e+00
0.000000000000000000e+00
0.000000000000000000e+00
0.000000000000000000e+00
0.000000000000000000e+00
0.000000000000000000e+00
0.000000000000000000e+00
0.000000000000000000e+00
0.000000000000000000e+00
0.000000000000000000e+00
6.346441060304641724e-02
3.807864785194396973e-01
3.236685037612915039e+00
1.002737712860107422e+01
1.999128913879394531e+01
3.128795433044433594e+01
3.465156936645507812e+01
4.226729583740234375e+01
4.391737365722656250e+01
5.375435638427734375e+01
6.974739074707031250e+01
7.165132141113281250e+01
7.660154724121093750e+01
7.679193878173828125e+01
7.520532989501953125e+01
8.104405212402343750e+01
8.574041748046875000e+01
9.684668731689453125e+01
1.088414611816406250e+02
1.028758087158203125e+02
1.074452438354492188e+02
1.091587829589843750e+02
1.067471389770507812e+02
1.117608261108398438e+02
1.085876083374023438e+02
1.093491821289062500e+02
1.215978088378906250e+02
1.283885040283203125e+02
1.328944702148437500e+02
1.389235992431640625e+02
1.363850250244140625e+02
1.344810791015625000e+02
1.384158782958984375e+02
1.385428009033203125e+02
1.356869049072265625e+02
1.336560516357421875e+02
1.403832702636718750e+02
1.326406250000000000e+02
1.410813903808593750e+02
1.478720703125000000e+02
1.520607299804687500e+02
1.593591308593750000e+02
1.704654083251953125e+02
1.881085205078125000e+02
2.051804351806640625e+02
2.169848175048828125e+02
2.354529571533203125e+02
2.550000000000000000e+02
2.316450958251953125e+02
1.886162261962890625e+02
1.629766082763671875e+02
1.653247833251953125e+02
1.615169219970703125e+02
1.599303131103515625e+02
1.650074615478515625e+02
1.671017913818359375e+02
1.757964172363281250e+02
1.849352874755859375e+02
1.932491302490234375e+02
1.915355987548828125e+02
1.983262786865234375e+02
1.954069213867187500e+02
1.813178253173828125e+02
1.751617736816406250e+02
1.649440002441406250e+02
1.653247833251953125e+02
1.582802429199218750e+02
1.513626251220703125e+02
1.487605743408203125e+02
1.472374267578125000e+02
1.538377380371093750e+02
1.518703308105468750e+02
1.495856170654296875e+02
1.460316162109375000e+02
1.494586944580078125e+02
1.489509735107421875e+02
1.497125396728515625e+02
1.462220001220703125e+02
1.460316162109375000e+02
1.507279815673828125e+02
1.476182250976562500e+02
1.386062774658203125e+02
1.388601379394531250e+02
1.286423645019531250e+02
1.309905395507812500e+02
1.338464355468750000e+02
1.311809387207031250e+02
1.339099121093750000e+02
1.341637573242187500e+02
1.379081573486328125e+02
1.432391815185546875e+02
1.448257904052734375e+02
1.488875122070312500e+02
1.505375823974609375e+02
1.644362945556640625e+02
1.916625213623046875e+02
2.086709747314453125e+02
2.230139312744140625e+02
2.223792877197265625e+02
2.134308166503906250e+02
1.954703826904296875e+02
1.840467834472656250e+02
1.905201568603515625e+02
1.848083648681640625e+02
2.030226440429687500e+02
2.065131988525390625e+02
1.948992004394531250e+02
1.872834777832031250e+02
1.696403656005859375e+02
1.570744171142578125e+02
1.579629211425781250e+02
1.502837219238281250e+02
1.280077209472656250e+02
1.286423645019531250e+02
1.205823822021484375e+02
1.275000000000000000e+02
1.245171737670898438e+02
1.287692871093750000e+02
1.413352355957031250e+02
1.410813903808593750e+02
1.419064178466796875e+02
1.425410614013671875e+02
1.269922866821289062e+02
1.138551559448242188e+02
9.697361755371093750e+01
8.872324371337890625e+01
8.459806060791015625e+01
7.171478271484375000e+01
6.682802581787109375e+01
6.010079574584960938e+01
5.724489974975585938e+01
5.426206970214843750e+01
5.223120880126953125e+01
4.632902145385742188e+01
4.455201721191406250e+01
4.283847808837890625e+01
3.877675628662109375e+01
4.099800872802734375e+01
4.004604339599609375e+01
3.884021759033203125e+01
3.776132583618164062e+01
3.953832626342773438e+01
3.763439559936523438e+01
3.592085647583007812e+01
3.585739135742187500e+01
3.731707382202148438e+01
3.496889114379882812e+01
3.795171737670898438e+01
4.131533050537109375e+01
3.953832626342773438e+01
3.471503448486328125e+01
3.293803024291992188e+01
3.160527610778808594e+01
2.741662597656250000e+01
3.192259788513183594e+01
2.887630653381347656e+01
2.627426528930664062e+01
2.646465873718261719e+01
2.690891075134277344e+01
2.722623252868652344e+01
3.014559555053710938e+01
2.798780441284179688e+01
3.122448921203613281e+01
3.122448921203613281e+01
3.515928268432617188e+01
3.058984565734863281e+01
2.430686950683593750e+01
1.504106521606445312e+01
1.370831298828125000e+01
6.029119014739990234e+00
3.807864665985107422e+00
2.728969573974609375e+00
1.713539123535156250e+00
2.284718751907348633e+00
2.348183155059814453e+00
2.094325542449951172e+00
1.332752585411071777e+00
2.411647558212280273e+00
1.967396736145019531e+00
1.713539123535156250e+00
2.855898380279541016e+00
1.396216988563537598e+00
1.459681391716003418e+00
1.396216988563537598e+00
1.650074720382690430e+00
1.459681391716003418e+00
1.523145914077758789e+00
1.713539123535156250e+00
1.015430569648742676e+00
1.523145914077758789e+00
1.777003526687622070e+00
1.142359375953674316e+00
1.586610317230224609e+00
1.903932332992553711e+00
1.142359375953674316e+00
1.332752585411071777e+00
1.840467929840087891e+00
1.523145914077758789e+00
1.205823779106140137e+00
1.459681391716003418e+00
1.777003526687622070e+00
1.396216988563537598e+00
1.459681391716003418e+00
1.269288182258605957e+00
1.332752585411071777e+00
1.015430569648742676e+00
1.205823779106140137e+00
1.205823779106140137e+00
1.142359375953674316e+00
1.015430569648742676e+00
8.250373601913452148e-01
6.346440911293029785e-01
1.015430569648742676e+00
6.981084942817687988e-01
7.615729570388793945e-01
8.250373601913452148e-01
1.523145914077758789e+00
6.981084942817687988e-01
4.442508816719055176e-01
7.615729570388793945e-01
1.269288182258605957e+00
8.885017633438110352e-01
8.885017633438110352e-01
8.250373601913452148e-01
8.250373601913452148e-01
1.015430569648742676e+00
7.615729570388793945e-01
8.885017633438110352e-01
5.711796879768371582e-01
4.442508816719055176e-01
8.885017633438110352e-01
6.981084942817687988e-01
1.078894972801208496e+00
9.519661664962768555e-01
6.346440911293029785e-01
1.015430569648742676e+00
5.077152848243713379e-01
1.078894972801208496e+00
8.250373601913452148e-01
5.711796879768371582e-01
1.015430569648742676e+00
2.982827186584472656e+00
2.538576364517211914e+00
6.092583656311035156e+00
7.742658138275146484e+00
7.869586944580078125e+00
9.265804290771484375e+00
1.339099025726318359e+01
5.000995635986328125e+01
